1206
624
601
2021
634
691
1420
1
1010
530
1820
660
600
1780
950
980
1580
1020
910
1460
1020
850
1540
830
670
1
810
800
1350
780
1730
1180
650
1290
1
910
650
1630
1
1430
1890
860
750
1430
1050
630
1700
580
650
1650
1
1100
1
580
5130
800
510
1600
1
980
2290
820
650
1720
1920
1530
1
1012
780
1170
970
1
2210
1
1270
1
2100
580
720
2120
1050
600
1650
880
750
1500
1
800
600
1690
1
950
2570
730
680
1460
1030
550
1590
1
1000
2270
1
1010
1
730
28000
500
600
2000
520
610
1950
150
250
450
2400
440
300
2400
750
590
2080
500
480
2080
460
210
2490
230
400
300
445
8000
252
550
2050
600
640
2000
150
180
400
1200