22240
667
1131
927
452
444
540
445
948
664
642
1307
560
534
597
1139
1744
934
591
671
445
934
1787
1022
657
649
481
621
1350
1306
1365
1649
693
1358
1210
1957
1277
1393
1415
1438
802
1307
1328
2091
505
604
503
573
569
547
562
1382
432
515
445
250
403
724
620
803
1200
1624
904
571
710
425
954
1987
1192
657
649
781
1375
1373
1285
1481
760
1210
1329
2026
1293
1425
1209
1567
687
1334
1221
24119
560
487
498
733
396
523
330
730
200
200
995
459
663
526
825
669
746
230
1373
1619
968
598
656
474
1007
1701
1109
612
635
1161
1328
1416
1277
1547
642
1401
1343
1736
1401
1328
1409
1590
766
1277
1394
2108
693
1277
1247
2108