16600
500
800
1830
1270
950
300
200
2400
950
1000
2040
1000
770
1930
520
950
390
980
1690
1120
2330
490
560
940
500
480
1600
400
3400
2050
1580
180
480
810
1080
100
1800
1920
1700
410
470
300
1000
2100
2050
1580
180
480
810
1080
100
1800
1920
1700
410
470
300
1000
9600
420
1100
460
160
830
1550
1780
1690
400
600
1480
900
1040
370
800
2000
420
1020
960
780
1270
470
1260
1810
520
1000
1470
1280
540
530
730
2430
2050
1580
180
480
810
1080
100
1800
1920
1700
410
470
300
1000
2200
2050
1580
180
480
810
1080
100
1800
1920
1700
410
470
300
1000
34000
2050
1580
180
480
810
1080
100
1800
1920
1700
410
470
300
1000
2200
2050
1580
180
480
810
1080
100
1800
1920
1700
410
470
300
1000